AS.x = 256.000000
AS.y = 256.000000
AS.z = 256.000000
AO.x = 0.000000
AO.y = 0.000000
AO.z = 0.000000
